__version__:
  serializer: 1
  data: 1
CameraIntrinsics:
  CameraMatrix:
    CX: 977.639282226562
    CY: 587.777648925781
    FX: 1782.09204101562
    FY: 1782.05212402344
  Distortion:
    K1: -0.0907880067825317
    K2: 0.134410485625267
    K3: -0.0652082785964012
    P1: 0.000578985665924847
    P2: -5.82622851652559e-05
