<?xml version="1.0"?>
<opencv_storage>
<rms_camera>5.4469787103367040e-01</rms_camera>
<rms_stereo>1.0814524372351653e+00</rms_stereo>
<proj_int type_id="opencv-matrix">
  <rows>3</rows>
  <cols>3</cols>
  <dt>d</dt>
  <data>
    1.5136972722219939e+03 0. 9.5319852565223459e+02 0.
    1.5179051989781151e+03 1.0971275838669667e+03 0. 0. 1.</data></proj_int>
<proj_dist type_id="opencv-matrix">
  <rows>1</rows>
  <cols>5</cols>
  <dt>d</dt>
  <data>
    1.0568489915054189e-02 -2.0307073974925385e-02
    1.0149834984791441e-03 4.5960490648398099e-04 3.0749382194909130e-03</data></proj_dist>
<avg_error>3.9407026134392689e-02</avg_error>
<rotation type_id="opencv-matrix">
  <rows>3</rows>
  <cols>3</cols>
  <dt>d</dt>
  <data>
    -9.9792992072492448e-01 6.9438779588371115e-03
    -6.3934778335727346e-02 2.8007877173270485e-02
    -8.4799576222126716e-01 -5.2926245480953871e-01
    -5.7891554981644847e-02 -5.2995751698948934e-01
    8.4604586048756381e-01</data></rotation>
<translation type_id="opencv-matrix">
  <rows>3</rows>
  <cols>1</cols>
  <dt>d</dt>
  <data>
    1.1436771171471528e+02 9.8699022833073940e+01 1.0471588076987753e+02</data></translation>
<no_frames>6</no_frames>
<it_no>4</it_no>
</opencv_storage>
