<?xml version="1.0"?>
<opencv_storage>
<rms_camera>5.5228809862651651e-01</rms_camera>
<rms_stereo>5.9459454425482505e-01</rms_stereo>
<proj_int type_id="opencv-matrix">
  <rows>3</rows>
  <cols>3</cols>
  <dt>d</dt>
  <data>
    1.5003040805299063e+03 0. 9.6527393745811025e+02 0.
    1.5000670736072016e+03 1.0985596893037482e+03 0. 0. 1.</data></proj_int>
<proj_dist type_id="opencv-matrix">
  <rows>1</rows>
  <cols>5</cols>
  <dt>d</dt>
  <data>
    6.6777415063592992e-03 2.0941174403591831e-03 6.9618251302121063e-04
    1.9619563603930364e-04 -3.2031676058607420e-02</data></proj_dist>
<avg_error>4.0367959180298583e-02</avg_error>
<rotation type_id="opencv-matrix">
  <rows>3</rows>
  <cols>3</cols>
  <dt>d</dt>
  <data>
    -9.9745321302394807e-01 8.7885857043013705e-03
    -7.0780283903929125e-02 3.0238997701024055e-02
    -8.4666675035537653e-01 -5.3126360393001149e-01
    -6.4596368676885563e-02 -5.3205091354492084e-01
    8.4424471247960742e-01</data></rotation>
<translation type_id="opencv-matrix">
  <rows>3</rows>
  <cols>1</cols>
  <dt>d</dt>
  <data>
    1.1361072311910543e+02 9.9088529452665639e+01 1.0118535657985393e+02</data></translation>
<no_frames>4</no_frames>
<it_no>9</it_no>
</opencv_storage>
