<?xml version="1.0"?>
<opencv_storage>
<rms_camera>5.9924028606777835e-01</rms_camera>
<rms_stereo>7.3780078173844266e-01</rms_stereo>
<proj_int type_id="opencv-matrix">
  <rows>3</rows>
  <cols>3</cols>
  <dt>d</dt>
  <data>
    1.5174923881776519e+03 0. 9.6271240231518800e+02 0.
    1.5164489177252583e+03 1.1045266311363998e+03 0. 0. 1.</data></proj_int>
<proj_dist type_id="opencv-matrix">
  <rows>1</rows>
  <cols>5</cols>
  <dt>d</dt>
  <data>
    3.0189988443688055e-03 5.9147336415168537e-03 5.4671068848302802e-04
    7.7543130643725213e-04 -3.1014832365007298e-02</data></proj_dist>
<avg_error>4.3057888536236523e-02</avg_error>
<rotation type_id="opencv-matrix">
  <rows>3</rows>
  <cols>3</cols>
  <dt>d</dt>
  <data>
    -9.9765076419464427e-01 8.5091111422615773e-03
    -6.7974610917686487e-02 2.9022351223958721e-02
    -8.4631124632929366e-01 -5.3189752534298429e-01
    -6.2053652843933403e-02 -5.3262075566403344e-01
    8.4407610723476634e-01</data></rotation>
<translation type_id="opencv-matrix">
  <rows>3</rows>
  <cols>1</cols>
  <dt>d</dt>
  <data>
    1.1300104714286428e+02 9.7096488803735312e+01 1.0673162248863144e+02</data></translation>
<no_frames>7</no_frames>
<it_no>1</it_no>
</opencv_storage>
