<?xml version="1.0"?>
<opencv_storage>
<rms_camera>1.9198627922868363e+00</rms_camera>
<rms_stereo>1.3235192203597731e+02</rms_stereo>
<proj_int type_id="opencv-matrix">
  <rows>3</rows>
  <cols>3</cols>
  <dt>d</dt>
  <data>
    1.2535636406256569e+03 0. 1.0380922713779701e+03 0.
    1.3020728721963981e+03 9.3909073609236930e+02 0. 0. 1.</data></proj_int>
<proj_dist type_id="opencv-matrix">
  <rows>1</rows>
  <cols>5</cols>
  <dt>d</dt>
  <data>
    7.6322149806312023e-02 -1.7639750773479851e-01
    1.1305556957598824e-02 1.9943700774525373e-02 1.6095783254219428e-01</data></proj_dist>
<avg_error>1.2570734147585472e-01</avg_error>
<rotation type_id="opencv-matrix">
  <rows>3</rows>
  <cols>3</cols>
  <dt>d</dt>
  <data>
    -9.9798093187178905e-01 5.9494230729781952e-02
    2.2237268946232638e-02 -6.3480382506355210e-02
    -9.4574873467439113e-01 -3.1863705355566357e-01
    2.0738025852151051e-03 -3.1940533397496579e-01
    9.4761592007056139e-01</data></rotation>
<translation type_id="opencv-matrix">
  <rows>3</rows>
  <cols>1</cols>
  <dt>d</dt>
  <data>
    3.2989206434819039e+01 5.8594408440590968e+01
    -6.5611094689692507e+01</data></translation>
<no_frames>9</no_frames>
<it_no>6</it_no>
</opencv_storage>
