<?xml version="1.0"?>
<opencv_storage>
<img_shape type_id="opencv-matrix">
  <rows>2</rows>
  <cols>1</cols>
  <dt>d</dt>
  <data>
    1200. 1944.</data></img_shape>
<rms>7.7315168118019550e-01</rms>
<cam_int type_id="opencv-matrix">
  <rows>3</rows>
  <cols>3</cols>
  <dt>d</dt>
  <data>
    3.3166122603994008e+03 0. 1.2478787951968097e+03 0.
    7.3007385255453873e+03 9.3738647884216186e+02 0. 0. 1.</data></cam_int>
<cam_dist type_id="opencv-matrix">
  <rows>1</rows>
  <cols>5</cols>
  <dt>d</dt>
  <data>
    -1.5350560603370078e-01 -2.2738813053169302e+00
    -1.1119130831759255e-02 -5.3184868159710172e-02
    1.6584346545031526e+01</data></cam_dist>
<proj_int type_id="opencv-matrix">
  <rows>3</rows>
  <cols>3</cols>
  <dt>d</dt>
  <data>
    6.2204263442888250e+03 0. 5.1392215737553488e+02 0.
    6.0241981433079436e+03 9.5842217852316810e+02 0. 0. 1.</data></proj_int>
<proj_dist type_id="opencv-matrix">
  <rows>1</rows>
  <cols>5</cols>
  <dt>d</dt>
  <data>
    -4.6414281740015401e-01 7.8615281693038748e+00
    7.8745947202155928e-02 9.5188987215233695e-02
    -8.9359562742858131e+01</data></proj_dist>
<rotation type_id="opencv-matrix">
  <rows>3</rows>
  <cols>3</cols>
  <dt>d</dt>
  <data>
    9.4720540549869736e-01 3.2028202950250417e-01
    -1.4877545893239197e-02 -1.3487000930259585e-01
    4.4010368203437150e-01 8.8776057000212971e-01 2.9088141979983201e-01
    -8.3888507594160100e-01 4.6006502690129358e-01</data></rotation>
<translation type_id="opencv-matrix">
  <rows>3</rows>
  <cols>1</cols>
  <dt>d</dt>
  <data>
    2.8979277359570119e+02 -1.4355639657923743e+03
    2.1267068012241516e+03</data></translation>
</opencv_storage>
